1 826 210 702 18 653 277 805 246 519 495 30 814 959 516 841 562 423 979 495 433 679 593 477 665 803 559 607 618 476 663 515 218 246 427 546 671 300 395 595 78 134 379 691 697 205 643 
2 824 221 719 18 637 293 792 245 499 515 16 814 959 538 841 578 415 978 515 433 679 612 494 661 803 543 627 618 476 677 497 200 224 405 563 688 279 375 577 78 155 379 707 697 183 665 
3 808 237 735 18 621 309 779 245 479 523 11 819 959 560 841 594 403 964 534 433 679 630 515 661 803 527 647 618 476 701 478 181 203 384 580 705 259 354 560 78 176 379 723 697 161 687 
4 792 253 752 18 605 325 766 245 459 523 30 837 959 582 841 611 403 949 554 433 679 649 536 661 803 511 667 618 476 724 460 163 201 363 597 722 238 333 543 78 198 379 706 678 139 709 
5 777 269 770 36 589 341 753 245 439 523 49 856 959 605 841 627 403 935 573 433 679 667 558 661 803 495 686 616 476 748 442 144 201 341 615 739 217 326 525 78 219 379 686 659 117 731 
6 761 285 788 54 573 357 740 245 419 523 67 875 945 600 841 643 403 920 593 433 679 685 578 649 803 478 700 601 476 772 423 126 200 328 632 757 202 326 508 78 240 379 671 639 102 753 
7 745 301 797 72 556 374 727 245 399 523 86 894 922 578 841 660 403 906 612 433 679 704 598 629 803 462 707 587 476 795 405 108 200 319 649 774 186 326 491 78 262 379 671 619 102 775 
8 729 317 797 90 540 390 714 245 379 523 105 912 900 555 841 676 403 892 632 433 679 722 617 610 803 446 707 573 476 819 386 89 200 297 666 791 165 326 473 78 283 379 671 599 102 797 
9 713 333 797 108 524 406 701 245 359 523 124 931 877 532 841 692 403 877 652 433 679 740 637 597 803 430 707 559 476 842 368 71 200 276 683 808 161 318 456 78 304 379 671 579 102 819 
10 697 349 797 126 508 422 688 245 339 523 142 936 873 509 841 708 403 863 671 433 679 759 657 597 803 414 707 545 476 866 350 52 200 255 700 825 176 304 438 78 326 379 671 559 102 841 
